vars0:  [6.981,28.11]
vars1:  [9.71,33.81]
vars2:  [43.79,188.5]
vars3:  [143.5,2501.0]
vars4:  [0.05263,0.1447]
vars5:  [0.01938,0.3454]
vars6:  [0.0,0.4268]
vars7:  [0.0,0.2012]
vars8:  [0.106,0.304]
vars9:  [0.04996,0.09744]
vars10:  [0.1115,2.873]
vars11:  [0.3602,4.885]
vars12:  [0.757,21.98]
vars13:  [6.8020000000000005,542.2]
vars14:  [0.001713,0.03113]
vars15:  [0.002252,0.1354]
vars16:  [0.0,0.1535]
vars17:  [0.0,0.0409]
vars18:  [0.007882,0.07895]
vars19:  [0.0008948000000000002,0.02286]
vars20:  [7.93,36.04]
vars21:  [12.02,49.54]
vars22:  [50.41,251.2]
vars23:  [185.2,4254.0]
vars24:  [0.07117000000000001,0.2098]
vars25:  [0.02729,0.9327]
vars26:  [0.0,0.9608]
vars27:  [0.0,0.29100000000000004]
vars28:  [0.1565,0.6638]
vars29:  [0.05504,0.173]
label:   [0,1]